# timestamp(s) tx ty tz qx qy qz qw Pr11 Pr12 Pr13 Pr22 Pr23 Pr33 Pt11 Pt12 Pt13 Pt22 Pt23 Pt33
1550864028.57094 -0.339483 -0.926468 1.637992 -0.614447 -0.354487 -0.643142 0.288379
1550864028.67094 -0.170583 -0.897260 1.660554 -0.624209 -0.307859 -0.657805 0.287886
1550864028.77094 0.000131 -0.877608 1.653777 -0.640536 -0.255436 -0.667260 0.281478
1550864028.87094 0.170159 -0.859272 1.623312 -0.663425 -0.216362 -0.663654 0.269478
1550864028.97094 0.336316 -0.833250 1.603973 -0.685690 -0.188549 -0.656580 0.251357
1550864029.07094 0.492114 -0.792441 1.614708 -0.697291 -0.178267 -0.652598 0.236899
1550864029.17094 0.630054 -0.733902 1.633841 -0.691349 -0.187890 -0.656409 0.236350
1550864029.27094 0.757956 -0.659720 1.633767 -0.675999 -0.210184 -0.665654 0.236121
1550864029.37094 0.894182 -0.578853 1.615221 -0.664145 -0.231634 -0.672836 0.229234
1550864029.47094 1.047176 -0.507919 1.611134 -0.654678 -0.227607 -0.687513 0.216603
1550864029.57094 1.206678 -0.466610 1.636669 -0.650971 -0.203989 -0.700716 0.208861
1550864029.67094 1.374562 -0.448696 1.669834 -0.661548 -0.169965 -0.702653 0.199359
1550864029.77094 1.545259 -0.447057 1.677789 -0.674267 -0.127198 -0.703563 0.184887
1550864029.87094 1.714296 -0.455572 1.656153 -0.681022 -0.092497 -0.707008 0.166710
1550864029.97094 1.878443 -0.459629 1.638331 -0.684726 -0.081572 -0.708793 0.148690
1550864030.07094 2.033887 -0.441793 1.649728 -0.680948 -0.106781 -0.710176 0.143380
1550864030.17094 2.180602 -0.403511 1.671358 -0.666299 -0.158949 -0.712427 0.152407
1550864030.27094 2.327933 -0.360116 1.668157 -0.657966 -0.203139 -0.707023 0.161043
1550864030.37094 2.479841 -0.327999 1.637666 -0.651262 -0.225912 -0.706203 0.161552
1550864030.47094 2.650511 -0.318498 1.610478 -0.654299 -0.213559 -0.708975 0.153754
1550864030.57094 2.833574 -0.342954 1.612765 -0.670725 -0.159457 -0.710850 0.139263
1550864030.67094 3.001995 -0.401200 1.634943 -0.679173 -0.093717 -0.716971 0.126068
1550864030.77094 3.154104 -0.475891 1.647511 -0.679131 -0.035652 -0.725138 0.108092
1550864030.87094 3.300347 -0.552741 1.633745 -0.678411 0.007245 -0.730546 0.077513
1550864030.97094 3.450330 -0.622254 1.613003 -0.684464 0.038229 -0.726970 0.039525
1550864031.07094 3.609144 -0.673415 1.616924 -0.697213 0.043102 -0.715155 0.024288
1550864031.17094 3.758207 -0.694163 1.641937 -0.700705 0.006498 -0.711990 0.045175
1550864031.27094 3.905782 -0.690015 1.657452 -0.697934 -0.050009 -0.710332 0.076259
1550864031.37094 4.048723 -0.676778 1.644003 -0.688412 -0.107503 -0.710612 0.097793
1550864031.47094 4.193765 -0.681185 1.622865 -0.673451 -0.149236 -0.714942 0.114236
1550864031.57094 4.349951 -0.717759 1.623124 -0.663788 -0.142329 -0.723451 0.125480
1550864031.67094 4.502306 -0.771782 1.642202 -0.671468 -0.105297 -0.721456 0.132456
1550864031.77094 4.644831 -0.824680 1.653052 -0.676329 -0.074588 -0.718847 0.142390
1550864031.87094 4.778803 -0.865901 1.640757 -0.672612 -0.059665 -0.721067 0.155229
1550864031.97094 4.910720 -0.887132 1.616535 -0.670288 -0.071080 -0.717932 0.173883
1550864032.07094 5.038944 -0.880206 1.606117 -0.673467 -0.116414 -0.699833 0.207663
1550864032.17094 5.155889 -0.844281 1.622245 -0.666947 -0.184318 -0.673522 0.259955
1550864032.27094 5.253069 -0.781930 1.644209 -0.633541 -0.261304 -0.657869 0.312337
1550864032.37094 5.335795 -0.702052 1.644049 -0.590352 -0.346410 -0.632221 0.363015
1550864032.47094 5.414407 -0.610391 1.621238 -0.554247 -0.415481 -0.600914 0.398859
1550864032.57094 5.495539 -0.514360 1.602224 -0.539154 -0.453646 -0.575232 0.415483
1550864032.67094 5.567994 -0.426758 1.606563 -0.534349 -0.491003 -0.537368 0.429678
1550864032.77094 5.625360 -0.355860 1.622903 -0.514149 -0.518171 -0.503065 0.462683
1550864032.87094 5.673653 -0.296039 1.625926 -0.483383 -0.531974 -0.471991 0.510459
1550864032.97094 5.718158 -0.241456 1.608266 -0.441314 -0.549552 -0.431678 0.562928
1550864033.07094 5.757986 -0.189997 1.589810 -0.391756 -0.577050 -0.383233 0.605536
1550864033.17094 5.789978 -0.133834 1.587150 -0.339737 -0.611416 -0.334601 0.631499
1550864033.27094 5.804209 -0.065235 1.593434 -0.302045 -0.641168 -0.293180 0.641653
1550864033.37093 5.791483 0.006227 1.584153 -0.260746 -0.675792 -0.250946 0.642139
1550864033.47093 5.757760 0.077281 1.556009 -0.204735 -0.705585 -0.207965 0.645743
1550864033.57093 5.707234 0.150739 1.533694 -0.148527 -0.724718 -0.184870 0.646952
1550864033.67093 5.644372 0.225515 1.543617 -0.104970 -0.748830 -0.156679 0.635363
1550864033.77093 5.586162 0.284473 1.568834 -0.056480 -0.751546 -0.116685 0.646818
1550864033.87093 5.539954 0.334872 1.586114 -0.012693 -0.728452 -0.059832 0.682361
1550864033.97093 5.500688 0.385775 1.588715 0.029818 -0.698871 0.008909 0.714571
1550864034.07093 5.463812 0.432776 1.587860 0.081172 -0.675353 0.079701 0.728668
1550864034.17093 5.414986 0.475323 1.594775 0.134949 -0.667884 0.147206 0.716973
1550864034.27093 5.346290 0.508047 1.598268 0.176379 -0.667296 0.198616 0.695815
1550864034.37093 5.260974 0.526559 1.581010 0.209184 -0.673173 0.240832 0.667143
1550864034.47093 5.168696 0.533752 1.549224 0.238247 -0.664893 0.269213 0.654737
1550864034.57093 5.052043 0.532620 1.526923 0.261695 -0.658566 0.269230 0.652167
1550864034.67093 4.915370 0.532484 1.545375 0.278923 -0.673573 0.263742 0.631618
1550864034.77093 4.781135 0.539156 1.589530 0.274782 -0.667516 0.270069 0.637166
1550864034.87093 4.643383 0.549258 1.614873 0.258574 -0.658299 0.286935 0.646104
1550864034.97093 4.501848 0.559288 1.602566 0.246138 -0.653335 0.296393 0.651706
1550864035.07093 4.360262 0.557497 1.581760 0.252160 -0.664788 0.296047 0.637831
1550864035.17093 4.235539 0.532706 1.587524 0.284017 -0.662549 0.305672 0.622035
1550864035.27093 4.134457 0.484433 1.617948 0.328765 -0.630331 0.336995 0.617277
1550864035.37093 4.040402 0.418285 1.634086 0.366452 -0.599415 0.380444 0.601396
1550864035.47093 3.942506 0.347108 1.617418 0.398760 -0.572561 0.412009 0.586014
1550864035.57093 3.827356 0.271783 1.593022 0.407062 -0.558367 0.408356 0.596466
1550864035.67093 3.690221 0.193224 1.589866 0.401093 -0.562605 0.383839 0.612591
1550864035.77093 3.545222 0.120761 1.615284 0.392999 -0.569140 0.374002 0.617863
1550864035.87093 3.400641 0.050714 1.635293 0.384156 -0.568900 0.383830 0.617617
1550864035.97093 3.258165 -0.023108 1.624340 0.375181 -0.564181 0.394626 0.620652
1550864036.07093 3.120645 -0.104256 1.602466 0.363948 -0.568409 0.399162 0.620582
1550864036.17093 2.997197 -0.198221 1.602291 0.365124 -0.567442 0.403360 0.618058
1550864036.27093 2.893976 -0.303375 1.627955 0.377661 -0.561539 0.419680 0.604909
1550864036.37093 2.809477 -0.416030 1.646123 0.392235 -0.548623 0.440864 0.592287
1550864036.47093 2.732383 -0.535906 1.634455 0.412839 -0.537682 0.451382 0.580273
1550864036.57093 2.650952 -0.665880 1.607792 0.431783 -0.533020 0.441018 0.578755
1550864036.67093 2.548672 -0.802469 1.600459 0.429411 -0.548118 0.417846 0.583590
1550864036.77093 2.427338 -0.923912 1.622221 0.412160 -0.571424 0.392819 0.591010
1550864036.87093 2.297540 -1.026752 1.643723 0.377890 -0.595766 0.375788 0.600871
1550864036.97093 2.167919 -1.125199 1.638744 0.342989 -0.616994 0.363880 0.607674
1550864037.07093 2.046876 -1.226341 1.617779 0.303527 -0.625475 0.357745 0.623435
1550864037.17093 1.933705 -1.336496 1.607096 0.276706 -0.628715 0.360069 0.631270
1550864037.27093 1.831903 -1.455336 1.618859 0.275748 -0.632448 0.374838 0.619249
1550864037.37093 1.747246 -1.584517 1.632135 0.305633 -0.634363 0.382510 0.598213
1550864037.47093 1.675156 -1.719966 1.624187 0.335766 -0.636102 0.370969 0.587382
1550864037.57093 1.600419 -1.854283 1.603598 0.348291 -0.630888 0.357863 0.593807
1550864037.67093 1.507895 -1.978609 1.595990 0.333606 -0.631956 0.348298 0.606652
1550864037.77093 1.393285 -2.081564 1.611982 0.300157 -0.655074 0.323222 0.613442
1550864037.87093 1.261746 -2.160813 1.636440 0.264136 -0.686925 0.290314 0.611624
1550864037.97093 1.130146 -2.216823 1.646083 0.221306 -0.706686 0.261617 0.619011
1550864038.07093 0.995662 -2.255728 1.631049 0.174114 -0.717589 0.233463 0.632650
1550864038.17093 0.855042 -2.283599 1.608625 0.126618 -0.728503 0.206200 0.640884
1550864038.27093 0.712408 -2.308745 1.604198 0.091842 -0.741019 0.185130 0.638892
1550864038.37093 0.574945 -2.340015 1.615570 0.082966 -0.740473 0.169453 0.645059
1550864038.47093 0.436154 -2.378577 1.615806 0.095386 -0.736115 0.154509 0.652046
1550864038.57093 0.282965 -2.415600 1.594220 0.100181 -0.732786 0.137789 0.658789
1550864038.67093 0.104485 -2.439330 1.575907 0.079911 -0.729132 0.121832 0.668684
1550864038.77093 -0.085582 -2.438904 1.586050 0.052687 -0.722895 0.108823 0.680298
1550864038.87093 -0.266534 -2.415316 1.615514 0.023778 -0.717452 0.085443 0.690939
1550864038.97093 -0.436245 -2.377003 1.630252 -0.012649 -0.722553 0.046445 0.689638
1550864039.07093 -0.588984 -2.330563 1.615417 -0.048207 -0.722172 0.004257 0.690018
1550864039.17093 -0.727943 -2.279837 1.594065 -0.076785 -0.717572 -0.025421 0.691772
1550864039.27093 -0.857543 -2.239900 1.599900 -0.084093 -0.703719 -0.030881 0.704808
1550864039.37093 -0.979065 -2.219482 1.627448 -0.067979 -0.689485 -0.019884 0.720829
1550864039.47093 -1.112656 -2.208490 1.641694 -0.037140 -0.689931 -0.002085 0.722919
1550864039.57093 -1.260541 -2.195787 1.623397 -0.011620 -0.701201 0.004014 0.712858
1550864039.67093 -1.416682 -2.165612 1.592388 -0.005617 -0.704115 -0.005882 0.710039
1550864039.77093 -1.576608 -2.104414 1.583407 -0.033081 -0.699820 -0.026163 0.713073
1550864039.87093 -1.723466 -2.017081 1.605957 -0.073240 -0.701340 -0.044123 0.707680
1550864039.97093 -1.849044 -1.920586 1.629514 -0.113820 -0.696019 -0.067698 0.705705
1550864040.07093 -1.959517 -1.817316 1.626418 -0.156737 -0.685620 -0.097036 0.704232
1550864040.17093 -2.060825 -1.706325 1.599061 -0.201176 -0.674352 -0.128836 0.698698
1550864040.27093 -2.164821 -1.596830 1.580342 -0.233824 -0.670913 -0.155922 0.686215
1550864040.37093 -2.279914 -1.498955 1.592783 -0.235498 -0.676119 -0.156657 0.680340
1550864040.47093 -2.405092 -1.415413 1.613778 -0.202320 -0.681533 -0.136076 0.689972
1550864040.57093 -2.537534 -1.333232 1.612808 -0.157952 -0.690481 -0.117546 0.696039
1550864040.67093 -2.675411 -1.234260 1.588633 -0.141011 -0.701479 -0.119963 0.688223
1550864040.77093 -2.808769 -1.108282 1.571794 -0.156087 -0.698635 -0.135558 0.684960
1550864040.87093 -2.920918 -0.963362 1.584646 -0.185665 -0.678159 -0.150104 0.695053
1550864040.97093 -3.009834 -0.813597 1.610616 -0.218163 -0.662399 -0.158889 0.698847
1550864041.07093 -3.085161 -0.668219 1.616096 -0.252199 -0.653871 -0.173849 0.691827
1550864041.17093 -3.151677 -0.528572 1.591978 -0.278235 -0.649008 -0.192640 0.681369
1550864041.27093 -3.218592 -0.386289 1.564557 -0.303995 -0.640823 -0.208861 0.673283
1550864041.37093 -3.295338 -0.247807 1.564035 -0.314162 -0.638242 -0.204782 0.672319
1550864041.47093 -3.386445 -0.126891 1.585680 -0.279723 -0.651249 -0.172231 0.684080
1550864041.57093 -3.494547 -0.027501 1.599360 -0.226009 -0.677676 -0.139587 0.685705
1550864041.67093 -3.609792 0.066933 1.583215 -0.181547 -0.705713 -0.121534 0.673973
1550864041.77093 -3.719407 0.178531 1.547901 -0.157927 -0.723926 -0.117552 0.661189
1550864041.87093 -3.815160 0.317898 1.523316 -0.162531 -0.724414 -0.130191 0.657159
1550864041.97093 -3.893459 0.468152 1.529029 -0.180540 -0.729697 -0.144284 0.643529
1550864042.07093 -3.964441 0.603182 1.551632 -0.194902 -0.741038 -0.161564 0.621910
1550864042.17093 -4.039109 0.726506 1.566412 -0.211536 -0.749557 -0.181398 0.600426
1550864042.27093 -4.115991 0.841339 1.560968 -0.214124 -0.747691 -0.193007 0.598212
1550864042.37093 -4.199189 0.945020 1.549308 -0.194681 -0.746655 -0.163735 0.614651
1550864042.47093 -4.289119 1.026986 1.552766 -0.141820 -0.744787 -0.081070 0.646999
1550864042.57093 -4.383597 1.086653 1.570925 -0.071506 -0.729808 -0.001341 0.679901
1550864042.67093 -4.488372 1.128816 1.577187 -0.000924 -0.723509 0.048180 0.688631
1550864042.77093 -4.593592 1.164723 1.557225 0.063052 -0.721374 0.072843 0.685811
1550864042.87093 -4.710162 1.218669 1.532307 0.096046 -0.721110 0.076142 0.681893
1550864042.97093 -4.830143 1.291213 1.533931 0.101752 -0.734616 0.063630 0.667785
1550864043.07093 -4.937529 1.362267 1.561680 0.106660 -0.744687 0.051795 0.656797
1550864043.17093 -5.034837 1.420478 1.585384 0.111446 -0.734565 0.045705 0.667761
1550864043.27093 -5.130551 1.466424 1.588619 0.120378 -0.718775 0.064448 0.681702
1550864043.37093 -5.225900 1.499900 1.582808 0.145412 -0.696590 0.110583 0.693822
1550864043.47093 -5.317770 1.515442 1.583487 0.186892 -0.672206 0.179618 0.693504
1550864043.57093 -5.407981 1.504071 1.594160 0.231401 -0.656521 0.256879 0.670408
1550864043.67093 -5.490038 1.457218 1.603331 0.277123 -0.650209 0.323938 0.628884
1550864043.77093 -5.557844 1.388218 1.599333 0.345294 -0.634680 0.377115 0.579429
1550864043.87092 -5.616663 1.318755 1.583688 0.405778 -0.602495 0.422100 0.542379
1550864043.97092 -5.673651 1.254876 1.571141 0.446812 -0.566948 0.459082 0.517854
1550864044.07092 -5.730852 1.191861 1.573555 0.480637 -0.550516 0.486069 0.479226
1550864044.17092 -5.780293 1.134014 1.586188 0.511244 -0.533258 0.505569 0.445718
1550864044.27092 -5.821210 1.083168 1.594264 0.536089 -0.501936 0.527996 0.426485
1550864044.37092 -5.859114 1.041123 1.594668 0.559820 -0.446816 0.569331 0.403510
1550864044.47092 -5.895644 0.997905 1.592250 0.597305 -0.378348 0.610578 0.356756
1550864044.57092 -5.927664 0.936067 1.596620 0.641546 -0.338757 0.624245 0.289794
1550864044.67092 -5.944164 0.872111 1.599347 0.664680 -0.310489 0.632344 0.248873
1550864044.77092 -5.945957 0.805929 1.588122 0.684596 -0.269587 0.643886 0.209909
1550864044.87092 -5.932052 0.729423 1.564316 0.698177 -0.229063 0.654148 0.179359
1550864044.97092 -5.903252 0.642629 1.545675 0.713461 -0.187451 0.656235 0.158715
1550864045.07092 -5.865476 0.547281 1.551707 0.736726 -0.164414 0.641250 0.137841
1550864045.17092 -5.833161 0.463901 1.572451 0.741370 -0.151732 0.642868 0.118610
1550864045.27092 -5.805080 0.394715 1.584239 0.733670 -0.126854 0.660810 0.094695
1550864045.37092 -5.762833 0.328445 1.577516 0.737757 -0.100788 0.663873 0.069487
1550864045.47092 -5.704587 0.268788 1.564873 0.756230 -0.061106 0.650201 0.040263
1550864045.57092 -5.639140 0.219891 1.565264 -0.770381 0.005698 -0.637417 0.013435
1550864045.67092 -5.570167 0.189232 1.580175 -0.763009 -0.049231 -0.640064 0.075579
1550864045.77092 -5.492066 0.176338 1.587702 -0.754788 -0.103182 -0.635512 0.125592
1550864045.87092 -5.400888 0.170708 1.576954 -0.749807 -0.144826 -0.627111 0.153448
1550864045.97092 -5.296235 0.161986 1.567982 -0.744263 -0.170460 -0.625802 0.159334
1550864046.07092 -5.196985 0.151281 1.578490 -0.733119 -0.188255 -0.635524 0.152336
1550864046.17092 -5.099102 0.139474 1.599764 -0.727520 -0.198699 -0.640171 0.146335
1550864046.27092 -4.998429 0.125529 1.608293 -0.728715 -0.192702 -0.641685 0.141705
1550864046.37092 -4.893658 0.111794 1.597999 -0.726372 -0.180160 -0.647458 0.143957
1550864046.47092 -4.786992 0.109384 1.585823 -0.716536 -0.184198 -0.653553 0.159737
1550864046.57092 -4.675584 0.131167 1.589093 -0.715552 -0.213381 -0.637820 0.188785
1550864046.67092 -4.575695 0.176722 1.607767 -0.704499 -0.260582 -0.615122 0.239589
1550864046.77092 -4.492356 0.237984 1.620271 -0.677843 -0.301990 -0.603058 0.292662
1550864046.87092 -4.416232 0.308746 1.609492 -0.647690 -0.339069 -0.595126 0.333698
1550864046.97092 -4.330348 0.391317 1.588658 -0.633981 -0.358960 -0.591916 0.344748
1550864047.07092 -4.230983 0.480475 1.584788 -0.631230 -0.369238 -0.590615 0.341153
1550864047.17092 -4.121879 0.561325 1.605775 -0.628959 -0.370212 -0.591547 0.342675
1550864047.27092 -4.004684 0.628902 1.626808 -0.637059 -0.358001 -0.595484 0.333752
1550864047.37092 -3.882181 0.690575 1.625512 -0.650650 -0.339175 -0.602071 0.314842
1550864047.47092 -3.758251 0.754420 1.608799 -0.657112 -0.321244 -0.612193 0.300375
1550864047.57092 -3.638184 0.827818 1.600272 -0.655641 -0.313670 -0.617214 0.301319
1550864047.67092 -3.528760 0.910946 1.609388 -0.651893 -0.318094 -0.610449 0.318126
1550864047.77092 -3.424301 1.005213 1.625352 -0.645352 -0.332520 -0.596541 0.342185
1550864047.87092 -3.326669 1.106915 1.626999 -0.637903 -0.352330 -0.584768 0.356355
1550864047.97092 -3.228094 1.215950 1.607401 -0.630696 -0.371244 -0.583293 0.352378
1550864048.07092 -3.111475 1.328604 1.588715 -0.630286 -0.371927 -0.592042 0.337486
1550864048.17092 -2.970973 1.427140 1.595796 -0.633585 -0.354192 -0.605539 0.326251
1550864048.27092 -2.818222 1.498483 1.622762 -0.642337 -0.328088 -0.617804 0.313176
1550864048.37092 -2.660562 1.548098 1.640179 -0.661905 -0.290197 -0.628883 0.286659
1550864048.47092 -2.504938 1.582251 1.631210 -0.674101 -0.249008 -0.645972 0.257493
1550864048.57092 -2.351102 1.613546 1.610949 -0.679786 -0.215298 -0.661643 0.231875
1550864048.67092 -2.197928 1.658369 1.608154 -0.687120 -0.200604 -0.665440 0.211694
1550864048.77092 -2.055000 1.721692 1.628977 -0.685711 -0.212591 -0.661437 0.217042
1550864048.87092 -1.927204 1.800463 1.645162 -0.677410 -0.240420 -0.653014 0.238511
1550864048.97092 -1.802371 1.885996 1.632182 -0.673666 -0.259767 -0.644804 0.250847
1550864049.07092 -1.668863 1.969913 1.602782 -0.673259 -0.266449 -0.644361 0.246021
1550864049.17092 -1.518290 2.044486 1.590485 -0.673725 -0.251712 -0.656854 0.226450
1550864049.27092 -1.363009 2.100840 1.608465 -0.679096 -0.228123 -0.667687 0.202443
1550864049.37092 -1.211265 2.140644 1.632308 -0.691198 -0.203795 -0.669667 0.179606
1550864049.47092 -1.058895 2.174487 1.635523 -0.700390 -0.176283 -0.671499 0.165732
1550864049.57092 -0.910263 2.209432 1.617428 -0.696117 -0.154468 -0.680903 0.167130
1550864049.67092 -0.761844 2.252436 1.602418 -0.687742 -0.143867 -0.688355 0.180224
1550864049.77092 -0.608880 2.312120 1.610107 -0.695965 -0.152269 -0.673060 0.198585
1550864049.87092 -0.469237 2.385326 1.630049 -0.693321 -0.180070 -0.661145 0.223088
1550864049.97092 -0.340852 2.466053 1.637083 -0.688443 -0.201102 -0.654563 0.239065
1550864050.07092 -0.216365 2.551286 1.618566 -0.680938 -0.223958 -0.654224 0.241158
1550864050.17092 -0.079692 2.634995 1.597523 -0.675733 -0.232926 -0.661358 0.227456
1550864050.27092 0.073380 2.703343 1.603181 -0.681330 -0.217064 -0.668008 0.206005
1550864050.37092 0.227803 2.746329 1.631959 -0.687179 -0.189572 -0.673741 0.194734
1550864050.47092 0.378101 2.773997 1.651928 -0.689684 -0.160712 -0.681273 0.185404
1550864050.57092 0.525770 2.800015 1.644424 -0.692832 -0.134042 -0.687564 0.171094
1550864050.67092 0.668478 2.833264 1.625894 -0.688475 -0.124013 -0.695835 0.162590
1550864050.77092 0.817449 2.875636 1.623285 -0.689643 -0.120664 -0.694382 0.166332
1550864050.87092 0.960189 2.924554 1.642738 -0.692642 -0.127273 -0.685047 0.186440
1550864050.97092 1.096564 2.986949 1.662001 -0.690954 -0.147242 -0.678683 0.200729
1550864051.07092 1.230089 3.056596 1.662185 -0.685304 -0.161503 -0.684183 0.190179
1550864051.17092 1.367881 3.120856 1.649978 -0.673572 -0.175279 -0.697989 0.168492
1550864051.27092 1.517512 3.173363 1.648497 -0.667598 -0.167912 -0.712648 0.135093
1550864051.37092 1.673765 3.207740 1.664778 -0.673727 -0.143350 -0.717631 0.102704
1550864051.47092 1.836305 3.224379 1.677690 -0.692560 -0.118421 -0.705831 0.090221
1550864051.57092 1.998763 3.233554 1.665978 -0.706066 -0.093773 -0.697311 0.080221
1550864051.67092 2.155370 3.236288 1.640206 -0.704694 -0.063754 -0.704089 0.059998
1550864051.77092 2.311815 3.236479 1.624160 -0.697478 -0.040200 -0.713996 0.046021
1550864051.87092 2.468727 3.241610 1.637618 -0.703382 -0.030474 -0.708502 0.048466
1550864051.97092 2.624150 3.261629 1.659538 -0.703379 -0.043836 -0.706374 0.066123
1550864052.07092 2.776238 3.295359 1.661934 -0.700288 -0.070638 -0.704493 0.091089
1550864052.17092 2.928622 3.333418 1.641193 -0.691249 -0.092620 -0.710587 0.093072
1550864052.27092 3.091888 3.355795 1.626309 -0.688444 -0.089184 -0.716323 0.070516
1550864052.37092 3.259004 3.343006 1.641003 -0.690438 -0.052957 -0.720673 0.033493
1550864052.47092 3.415658 3.295798 1.671621 -0.696146 -0.008194 -0.717843 0.003865
1550864052.57092 3.560277 3.232850 1.684716 0.697225 -0.039372 0.715324 0.025274
1550864052.67092 3.695244 3.165748 1.669198 0.689026 -0.073635 0.718725 0.057053
1550864052.77092 3.831225 3.094613 1.649280 0.686386 -0.098568 0.715754 0.082795
1550864052.87092 3.971688 3.028120 1.649000 0.692803 -0.107814 0.706755 0.094328
1550864052.97092 4.112465 2.968441 1.664662 0.696976 -0.107323 0.703441 0.088751
1550864053.07092 4.242123 2.912959 1.673443 0.694749 -0.103746 0.707116 0.080910
1550864053.17092 4.367426 2.849389 1.663823 0.689024 -0.112935 0.709462 0.095685
1550864053.27092 4.492009 2.766013 1.645530 0.680296 -0.138978 0.708561 0.125788
1550864053.37092 4.605375 2.654239 1.640239 0.667090 -0.182156 0.703971 0.161970
1550864053.47092 4.690822 2.525075 1.654961 0.653901 -0.229482 0.692707 0.199770
1550864053.57092 4.749116 2.392001 1.670266 0.639969 -0.280379 0.674021 0.239839
1550864053.67092 4.794080 2.259795 1.660276 0.623981 -0.327965 0.654170 0.274131
1550864053.77092 4.835483 2.131974 1.628629 0.616433 -0.355715 0.636212 0.297844
1550864053.87092 4.874209 2.000190 1.607991 0.611836 -0.373991 0.623895 0.310712
1550864053.97092 4.905091 1.868926 1.615404 0.600559 -0.390703 0.623915 0.312108
1550864054.07092 4.926096 1.747146 1.630190 0.592036 -0.392458 0.622251 0.329050
1550864054.17092 4.935142 1.627013 1.630642 0.580095 -0.406656 0.602001 0.368395
1550864054.27092 4.930008 1.493988 1.618296 0.562847 -0.430114 0.565266 0.422705
1550864054.37091 4.899417 1.354094 1.612671 0.527543 -0.467314 0.527971 0.473880
1550864054.47091 4.838920 1.229894 1.626476 0.473878 -0.509544 0.500866 0.514721
1550864054.57091 4.757431 1.126256 1.650524 0.419561 -0.545167 0.471161 0.552058
1550864054.67091 4.659840 1.032781 1.659725 0.369503 -0.584922 0.424269 0.584234
1550864054.77091 4.555343 0.950899 1.643450 0.323328 -0.615431 0.378638 0.611013
1550864054.87091 4.452182 0.875095 1.625339 0.288161 -0.629046 0.344644 0.634417
1550864054.97091 4.347861 0.794100 1.626773 0.260474 -0.642988 0.322923 0.643770
1550864055.07091 4.248410 0.707991 1.637183 0.247687 -0.652526 0.319294 0.641024
1550864055.17091 4.154581 0.613973 1.638648 0.249646 -0.660098 0.312944 0.635621
1550864055.27091 4.060647 0.513422 1.623397 0.257158 -0.664262 0.292494 0.638023
1550864055.37091 3.955013 0.409436 1.603482 0.256544 -0.669096 0.267010 0.644361
1550864055.47091 3.833085 0.313565 1.601574 0.235915 -0.676288 0.238275 0.655899
1550864055.57091 3.699787 0.237591 1.621935 0.205064 -0.687406 0.214540 0.662868
1550864055.67091 3.563636 0.177413 1.640129 0.185907 -0.700268 0.190280 0.662462
1550864055.77091 3.435122 0.126385 1.634354 0.170298 -0.713184 0.168038 0.658886
1550864055.87091 3.306919 0.074272 1.608286 0.163370 -0.716461 0.155078 0.660261
1550864055.97091 3.175202 0.011728 1.586018 0.167258 -0.721246 0.151204 0.654955
1550864056.07091 3.045268 -0.067281 1.585943 0.182154 -0.727595 0.162705 0.641056
1550864056.17091 2.930173 -0.161593 1.599333 0.219376 -0.725943 0.189478 0.623682
1550864056.27091 2.831821 -0.266888 1.603012 0.253481 -0.722055 0.206379 0.609747
1550864056.37091 2.744635 -0.378882 1.588293 0.282821 -0.709983 0.214565 0.608193
1550864056.47091 2.655460 -0.496057 1.572700 0.303354 -0.696289 0.224826 0.610419
1550864056.57091 2.560987 -0.611150 1.579641 0.313382 -0.687793 0.239923 0.609237
1550864056.67091 2.466772 -0.713029 1.607782 0.318686 -0.680274 0.264884 0.604568
1550864056.77091 2.376182 -0.808139 1.627984 0.317968 -0.675305 0.286410 0.600689
1550864056.87091 2.290204 -0.904914 1.622989 0.318251 -0.665494 0.305830 0.601915
1550864056.97091 2.203163 -1.010636 1.607565 0.326871 -0.656583 0.324141 0.597483
1550864057.07091 2.120996 -1.126469 1.607100 0.349844 -0.645932 0.341949 0.586048
1550864057.17091 2.049489 -1.246972 1.627257 0.374793 -0.634182 0.368704 0.566922
1550864057.27091 1.995452 -1.368458 1.644991 0.397568 -0.616285 0.404850 0.546103
1550864057.37091 1.951254 -1.493662 1.638665 0.419464 -0.596264 0.430459 0.532188
1550864057.47091 1.898234 -1.623199 1.617154 0.426480 -0.590801 0.429881 0.533171
1550864057.57091 1.821076 -1.750428 1.609827 0.402806 -0.593769 0.420284 0.555471
1550864057.67091 1.719027 -1.861622 1.629401 0.354403 -0.609892 0.403253 0.582939
1550864057.77091 1.601569 -1.956145 1.656118 0.313338 -0.634039 0.373231 0.600426
1550864057.87091 1.478089 -2.040404 1.662625 0.281379 -0.660879 0.332853 0.610961
1550864057.97091 1.352044 -2.115292 1.642575 0.246776 -0.680987 0.294559 0.623373
1550864058.07091 1.221186 -2.186283 1.621457 0.218460 -0.692428 0.268053 0.633219
1550864058.17091 1.084817 -2.259801 1.622636 0.197983 -0.706873 0.241712 0.634594
1550864058.27091 0.957031 -2.332079 1.639793 0.194873 -0.714714 0.224552 0.633076
1550864058.37091 0.840281 -2.402478 1.651996 0.198419 -0.707240 0.214129 0.643887
